import torch

I8= torch.eye(8).byte()

T1 = tensor([[1, 0, 0, 0, 0, 0, 0, 0],
             [0, 1, 0, 0, 0, 0, 0, 0],
             [0, 0, 1, 0, 0, 0, 0, 0],
             [0, 0, 0, 1, 0, 0, 0, 0],
             [0, 0, 0, 0, 1, 0, 0, 0],
             [0, 0, 0, 0, 0, 1, 0, 0],
             [0, 0, 0, 0, 0, 0, 1, 0],
             [0, 0, 0, 0, 0, 0, 0 ,1]], dtype=torch.uint8)
        
T2 = tensor([[1, 0, 0, 0, 0, 0, 0, 0],
             [0, 1, 0, 0, 0, 0, 0, 0],
             [0, 0, 1, 0, 0, 0, 0, 0],
             [0, 0, 0, 1, 0, 0, 0, 0],
             [0, 0, 0, 0, 1, 0, 0, 0],
             [0, 0, 0, 0, 0, 1, 0, 0],
             [0, 0, 0, 0, 0, 0, 1, 0],
             [0, 0, 0, 0, 0, 0, 0 ,1]], dtype=torch.uint8)
     
T3 = tensor([[1, 0, 0, 0, 0, 0, 0, 0],
             [0, 1, 0, 0, 0, 0, 0, 0],
             [0, 0, 1, 0, 0, 0, 0, 0],
             [0, 0, 0, 1, 0, 0, 0, 0],
             [0, 0, 0, 0, 1, 0, 0, 0],
             [0, 0, 0, 0, 0, 1, 0, 0],
             [0, 0, 0, 0, 0, 0, 1, 0],
             [0, 0, 0, 0, 0, 0, 0 ,1]], dtype=torch.uint8)     
                        
T4 = tensor([[1, 0, 0, 0, 0, 0, 0, 0],
             [0, 1, 0, 0, 0, 0, 0, 0],
             [0, 0, 1, 0, 0, 0, 0, 0],
             [0, 0, 0, 1, 0, 0, 0, 0],
             [0, 0, 0, 0, 1, 0, 0, 0],
             [0, 0, 0, 0, 0, 1, 0, 0],
             [0, 0, 0, 0, 0, 0, 1, 0],
             [0, 0, 0, 0, 0, 0, 0 ,1]], dtype=torch.uint8)
                        
T5 = tensor([[1, 0, 0, 0, 0, 0, 0, 0],
             [0, 1, 0, 0, 0, 0, 0, 0],
             [0, 0, 1, 0, 0, 0, 0, 0],
             [0, 0, 0, 1, 0, 0, 0, 0],
             [0, 0, 0, 0, 1, 0, 0, 0],
             [0, 0, 0, 0, 0, 1, 0, 0],
             [0, 0, 0, 0, 0, 0, 1, 0],
             [0, 0, 0, 0, 0, 0, 0 ,1]], dtype=torch.uint8)
                        
T6 = tensor([[1, 0, 0, 0, 0, 0, 0, 0],
             [0, 1, 0, 0, 0, 0, 0, 0],
             [0, 0, 1, 0, 0, 0, 0, 0],
             [0, 0, 0, 1, 0, 0, 0, 0],
             [0, 0, 0, 0, 1, 0, 0, 0],
             [0, 0, 0, 0, 0, 1, 0, 0],
             [0, 0, 0, 0, 0, 0, 1, 0],
             [0, 0, 0, 0, 0, 0, 0 ,1]], dtype=torch.uint8)
                        
T7 = tensor([[1, 0, 0, 0, 0, 0, 0, 0],
             [0, 1, 0, 0, 0, 0, 0, 0],
             [0, 0, 1, 0, 0, 0, 0, 0],
             [0, 0, 0, 1, 0, 0, 0, 0],
             [0, 0, 0, 0, 1, 0, 0, 0],
             [0, 0, 0, 0, 0, 1, 0, 0],
             [0, 0, 0, 0, 0, 0, 1, 0],
             [0, 0, 0, 0, 0, 0, 0 ,1]], dtype=torch.uint8)
                        
                        


print(identity_tensor)
print(zero_tensor_1)
print(zero_tensor_2)
print(zero_tensor_3)
print(zero_tensor_4)
print(zero_tensor_5)
print(zero_tensor_6)
print(zero_tensor_7)
